#战斗id	地图id	我方出战	敌方出战	胜利条件	失败条件	战斗胜利结算id	战斗失败结算id					物品id	爆率	物品id	爆率	物品id	爆率	物品id	爆率	物品id	爆率				
200001	M0004_02_21	(0,210001,0)	(0,210002,0)	(0,0,0)	(0,0,0)	100001	100001	-1	0	0	0																
200002	M0004_02_22	(0,210002,0)	(0,100019,0)	(0,0,0)	(0,0,0)	100002	100002	-1	0	0	0	120045	100	110046	100												
200003	M0008_01_02	(0,210001,0)*(0,210002,0)	(0,200028,0)*(0,200028,0)	(0,0,0)	(0,0,0)	100012	90003	-1	0	0	0	100102	15	110007	15	110014	15	110015	15	130015	100						
200004	M0008_01_01	(0,210001,0)*(0,210002,0)*(0,200020,0)	(0,200005,0)*(0,200008,0)*(0,200008,0)	(0,0,0)	(2,200020,0)	10034	90003	-1	Y000080	0	0	100816	100	110021	50	110022	50	110013	100	130015	100						
200005	M0009_01_01	(0,210001,0)*(0,0,0)*(0,0,0)*(0,0,0)*(0,0,0)*(0,0,0)	(0,210056,0)*(0,210056,0)*(0,210056,0)	(0,0,0)	(0,0,0)	100018	100018	-1	0	0	0																
200006	M0046_01_01	(0,210001,0)*(0,0,0)*(0,0,0)*(0,0,0)*(0,0,0)*(0,0,0)	(0,100018,0)	(0,0,0)	(0,0,0)	0	0	-1	0	0	0																
200007	M0016_01_01	(0,200000,0)	(0,210067,0)*(0,210068,0)	(0,0,0)	(0,0,0)	100008	100000	-1	0	0	0																
200008	M0026_01_01	(0,100066,0)*(0,0,0)*(0,0,0)*(0,0,0)	(0,210075,0)*(0,210075,0)*(0,210076,0)*(0,210077,0)*(0,210077,0)*(0,210078,0)*(0,210079,0)	(0,0,0)	(2,100066,0)	100009	100000	-1	0	0	0																
200009	M0014_01_01	(0,600012,0)*(0,210001,0)*(0,200000,0)*(0,210002,0)	(0,200024,0)	(0,0,0)	(0,0,0)	100011	100000	-1	0	1	0	130136	100
200010	M0017_01_02	(0,0,0)*(0,0,0)*(0,0,0)	(0,200028,0)*(0,200028,0)*(0,200028,0)	(0,0,0)	(0,0,0)	100012	100000	-1	0	0	0	100202	15	100809	15	110002	50										
200011	M0017_01_03	(0,210001,0)	(0,200027,0)	(0,0,0)	(0,0,0)	100013	100000	-1	0	0	0																
200012	M0023_01_01	(0,210001,0)*(0,210002,0)*(0,200000,0)	(0,200046,0)*(0,200003,0)	(0,0,0)	(0,0,0)	100015	90004	-1	Y000080	0	0	120026	100	110005	70												
200013	M0038_01_01	(0,0,0)*(0,0,0)*(0,0,0)*(0,0,0)*(0,0,0)*(0,0,0)	(0,210103,0)*(0,210103,0)*(0,210103,0)*(0,210103,0)*(0,210103,0)*(0,210104,0)*(0,210105,0)*(0,210106,0)	(0,0,0)	(0,0,0)	100016	90004	-1	0	0	0	130023	100														
200014	M0023_01_03	(0,210001,0)*(0,0,0)*(0,0,0)	(0,600048,0)*(0,600048,0)	(0,0,0)	(0,0,0)	100017	100000	-1	0	0	0																
200015	M0038_01_01	(0,0,0)*(0,0,0)*(0,0,0)*(0,0,0)*(0,0,0)*(0,0,0)	(0,210103,0)*(0,210103,0)*(0,210103,0)*(0,210103,0)*(0,210103,0)*(0,210103,0)*(0,210103,0)*(0,210103,0)	(0,0,0)	(0,0,0)	100020	90004	-1	0	0	0																
200016	M0038_01_01	(0,0,0)*(0,0,0)*(0,0,0)*(0,0,0)*(0,0,0)*(0,0,0)	(0,210104,0)*(0,210103,0)*(0,210103,0)*(0,210103,0)*(0,210103,0)*(0,210103,0)*(0,210103,0)	(0,0,0)	(0,0,0)	100022	90004	-1	0	0	0	120121	15														
200017	M0038_01_01	(0,0,0)*(0,0,0)*(0,0,0)*(0,0,0)*(0,0,0)*(0,0,0)	(0,210105,0)*(0,210103,0)*(0,210103,0)*(0,210103,0)*(0,210103,0)*(0,210103,0)*(0,210103,0)	(0,0,0)	(0,0,0)	100021	90004	-1	0	0	0	120047	15														
200018	M0038_01_01	(0,0,0)*(0,0,0)*(0,0,0)*(0,0,0)*(0,0,0)*(0,0,0)	(0,210110,0)*(0,210110,0)*(0,210110,0)*(0,210110,0)*(0,210110,0)*(0,210110,0)	(0,0,0)	(0,0,0)	100023	100000	-1	0	0	0																
200019	M0038_01_03	(0,0,0)*(0,0,0)*(0,0,0)*(0,0,0)*(0,0,0)*(0,0,0)	(0,100126,0)*(0,100127,0)*(0,100128,0)*(0,100129,0)	(0,0,0)	(0,0,0)	100024	90004	-1	0	0	0																
200020	M0004_02_21	(0,210002,0)	(0,200000,0)	(0,0,0)	(0,0,0)	100025	100025	-1	0	0	0																
200021	M0026_01_01	(0,0,0)*(0,0,0)*(0,0,0)*(0,0,0)*(0,0,0)	(0,200037,0)*(0,200037,0)*(0,200037,0)	(0,0,0)	(0,0,0)	0	100000	-1	0	0	0																
200022	M0026_01_02	(0,0,0)*(0,0,0)*(0,0,0)*(0,0,0)	(0,200037,0)*(0,200037,0)	(0,0,0)	(0,0,0)	0	100000	-1	0	0	0																
200023	M0026_01_04	(0,0,0)*(0,0,0)*(0,0,0)*(0,0,0)*(0,0,0)*(0,0,0)	(0,200037,0)*(0,200037,0)*(0,200037,0)*(0,200037,0)	(0,0,0)	(0,0,0)	0	100000	-1	0	0	0																
200024	M0046_01_01	(0,200000,0)	(0,100029,0)	(0,0,0)	(0,0,0)	100029	100029	-1	0	0	0																
200025	M0032_01_01	(0,0,0)*(0,0,0)*(0,0,0)	(0,600050,0)*(0,600055,0)*(0,600054,0)	(0,0,0)	(0,0,0)	100033	90004	-1	0	1	0	110003	40	110010	20	120014	100										
200026	M0032_01_02	(0,0,0)*(0,0,0)*(0,0,0)	(0,600053,0)*(0,600053,0)*(0,600052,0)	(0,0,0)	(0,0,0)	100033	90004	-1	0	1	0	110003	40	110010	20	130015	15										
200027	M0032_01_03	(0,0,0)*(0,0,0)*(0,0,0)*(0,0,0)*(0,0,0)*(0,0,0)	(0,600050,0)*(0,600050,0)*(0,600051,0)*(0,600051,0)*(0,600053,0)*(0,600053,0)	(0,0,0)	(0,0,0)	100033	90004	-1	0	1	0	110007	30	110003	30	110044	30										
200028	M0032_01_04	(0,210001,0)*(0,0,0)*(0,0,0)*(0,0,0)*(0,0,0)*(0,0,0)*(0,100011,31)	(5,600050,0)*(5,600051,0)*(5,600052,0)*(5,600053,0)*(5,600054,0)*(5,600055,0)*(3,600050,0)*(3,600051,0)*(3,600052,0)*(3,600053,0)*(3,600054,0)*(3,600055,0)*(0,600050,0)*(0,600051,0)*(0,600052,0)*(0,600053,0)*(0,600054,0)*(0,600055,0)*(0,600053,0)*(0,600055,0)*(0,200004,0)	(0,0,0)	(2,100011,0)	100034	90004	-1	0	1	0	100212	50	120038	100	110013	50										
200029	M0032_01_05	(0,0,0)*(0,0,0)*(0,0,0)*(0,0,0)*(0,0,0)*(0,0,0)*(0,100011,0)	(0,210055,0)*(0,500040,0)*(0,500040,0)*(0,500040,0)*(0,210075,0)*(0,200043,0)*(0,500040,0)*(0,500040,0)*(0,500040,0)	(0,0,0)	(0,0,0)	100035	90004	-1	Y000080	0	0	130015	50	130015	50	100307	30										
200030	M0042_01_01	(0,0,0)*(0,0,0)*(0,0,0)*(0,0,0)*(0,0,0)*(0,0,0)*(0,100066,0)*(0,210005,0)	(0,200032,21)*(0,100144,0)*(0,100144,0)*(0,100145,30)*(0,100144,0)*(0,100145,0)*(0,600047,10)*(0,600047,0)*(0,600047,0)*(0,600047,0)	(0,0,0)	(0,0,0)	600151	100040	-1	Y000080	0	0	120094	100	120076	100	110018	50										
200031	M0016_01_01	(0,210002,0)	(0,210001,0)	(0,0,0)	(0,0,0)	100041	100041	-1	0	0	0																
200032	M0011_01_01	(0,210002,0)	(0,210002,0)	(0,0,0)	(0,0,0)	100043	100000	-1	0	0	0																
200033	M0011_01_01	(0,210002,0)	(0,210125,0)	(0,0,0)	(0,0,0)	100044	100044	-1	0	0	0	121011	100														
200034	M0017_01_03	(0,200027,0)*(0,0,0)*(0,0,0)*(0,0,0)*(0,0,0)*(0,0,0)*(0,0,0)*(0,0,0)*(0,0,0)	(0,210055,0)*(0,500040,0)*(0,500040,0)*(0,500040,0)*(0,210079,0)*(0,600067,0)*(0,600067,0)*(0,600067,0)*(0,600068,0)*(0,600068,0)*(0,600067,0)*(0,600067,0)*(0,600067,0)*(0,600068,0)*(0,600068,0)	(0,0,0)	(0,0,0)	100046	90004	-1	Y000080	0	0	120122	100	100814	100												
200035	M0013_04_01	(0,200017,0)*(0,0,0)*(0,0,0)*(0,0,0)	(0,210180,0)*(0,210151,0)*(0,210151,0)*(0,210151,0)*(0,210151,0)*(0,210151,0)	(0,0,0)	(0,0,0)	100053	100000	-1	0	0	0																
200036	M0013_04_01	(0,210001,0)	(0,200017,0)	(0,0,0)	(0,0,0)	100054	100000	-1	0	0	0																
200037	M0013_04_02	(0,100037,0)*(0,0,0)*(0,0,0)*(0,0,0)*(0,0,0)	(0,100083,0)*(0,100083,0)*(0,100083,0)*(0,100083,0)*(0,100083,0)	(0,0,0)	(0,0,0)	100057	100000	-1	0	0	0																
200038	M0015_01_01	(0,200017,0)*(0,0,0)*(0,0,0)*(0,0,0)*(0,0,0)*(0,0,0)*(0,0,0)*(0,0,0)*(0,0,0)	(0,200025,74)*(0,210180,0)*(0,210180,0)*(0,210180,0)*(0,210180,0)*(0,210180,0)*(0,210164,0)*(0,210165,0)*(0,210166,0)*(0,210166,0)*(0,210165,0)*(0,210163,0)*(0,600102,0)	(0,0,0)	(0,0,0)	100061	90004	-1	0	0	0													
200039	M0015_01_02	(0,200017,0)*(0,0,0)*(0,0,0)*(0,0,0)*(0,0,0)*(0,0,0)*(0,210165,0)*(0,210164,0)*(0,0,0)*(0,0,0)	(0,200004,0)*(0,300001,0)*(0,300001,0)*(0,300001,0)*(0,100130,0)*(0,100130,0)*(0,100130,0)*(0,100130,0)*(0,100130,0)*(0,100130,0)*(0,100130,0)*(0,100130,0)*(0,300001,0)	(0,0,0)	(0,0,0)	100062	90004	-1	Y000080	0	0																
200040	M0008_01_03	(0,210001,0)*(0,210002,0)	(0,200028,0)*(0,200028,0)	(0,0,0)	(1,10,0)	100012	90003	-1	0	0	0	110002	15	110003	15	110007	100	100801	15	110014	15	110015	15	130015	50		
200041	M0008_01_04	(0,210001,0)*(0,210002,0)	(0,200028,0)*(0,200028,0)	(0,0,0)	(1,10,0)	100012	90003	-1	0	0	0	110002	15	110003	15	110007	100	100801	15	110014	15	110015	15	130015	50		
200042	M0008_01_05	(0,210001,0)*(0,210002,0)	(0,200028,0)*(0,200028,0)	(0,0,0)	(1,10,0)	100012	90003	-1	0	0	0	110002	15	110003	15	110007	100	100801	15	110014	15	110015	15	130015	50		
200043	M0008_01_06	(0,210001,0)*(0,210002,0)	(0,200028,0)*(0,200028,0)*(0,200028,0)	(0,0,0)	(1,10,0)	100012	90003	-1	0	0	0	110002	15	110003	15	110007	100	100801	15	110014	15	110015	15	130015	50		
200044	M0008_01_07	(0,210001,0)*(0,210002,0)	(0,200028,0)*(0,200028,0)*(0,200028,0)*(0,200028,0)	(0,0,0)	(1,10,0)	100012	90003	-1	0	0	0	110002	15	110003	100	110007	100	100801	15	110014	15	110015	15	130015	50		
200045	M0008_01_02	(0,0,0)*(0,0,0)	(0,210153,0)	(0,0,0)	(0,0,0)	100012	100000	-1	0	0	0	110002	15	110003	15	110007	15	100801	15	110014	15	110015	15				
200046	M0008_01_03	(0,0,0)*(0,0,0)	(0,210154,0)*(0,210155,0)	(0,0,0)	(0,0,0)	100012	100000	-1	0	0	0	110002	15	110003	15	110007	100	100801	15	110014	15	110015	15				
200047	M0008_01_04	(0,0,0)*(0,0,0)	(0,210155,0)*(0,210155,0)	(0,0,0)	(0,0,0)	100012	100000	-1	0	0	0	110002	15	110003	15	110007	100	100801	15	110014	15	110015	15				
200048	M0008_01_05	(0,0,0)*(0,0,0)	(0,210155,0)*(0,210157,0)*(0,210156,0)	(0,0,0)	(0,0,0)	100012	100000	-1	0	0	0	110002	15	110003	15	110007	100	100801	15	110014	15	110015	15				
200049	M0008_01_06	(0,0,0)*(0,0,0)*(0,0,0)	(0,210156,0)*(0,210155,0)*(0,210157,0)	(0,0,0)	(0,0,0)	100012	100000	-1	0	0	0	110002	15	110003	15	110007	15	100801	15	110014	15	110015	15				
200050	M0008_01_07	(0,0,0)*(0,0,0)*(0,0,0)*(0,0,0)*(0,0,0)	(0,210158,0)*(0,210159,0)*(0,210155,0)*(0,210156,0)*(0,210154,0)	(2,210159,0)	(0,0,0)	100065	100000	-1	Y000080	0	0																
200051	M0009_01_01	(0,210001,0)*(0,0,0)*(0,0,0)*(0,0,0)*(0,0,0)*(0,0,0)	(0,210056,0)*(0,210056,0)	(0,0,0)	(0,0,0)	100018	100018	-1	0	0	0																
200052	M0009_01_01	(0,210001,0)*(0,0,0)*(0,0,0)*(0,0,0)*(0,0,0)*(0,0,0)	(0,210056,0)*(0,210056,0)*(0,210056,0)*(0,210056,0)	(0,0,0)	(0,0,0)	100018	100018	-1	0	0	0																
200053	M0009_01_01	(0,210001,0)*(0,0,0)*(0,0,0)*(0,0,0)*(0,0,0)*(0,0,0)	(0,210056,0)*(0,210056,0)*(0,210057,0)	(0,0,0)	(0,0,0)	100018	100018	-1	0	0	0																
200054	M0005_01_01	(0,210001,0)*(0,210002,0)	(0,500073,0)*(0,500074,0)*(0,500075,0)*(0,210161,0)*(0,210162,0)	(0,0,0)	(0,0,0)	100068	100000	-1	0	0	0	120098	100	120075	100	110013	100										
200055	M0023_01_02	(0,210001,0)*(0,0,0)*(0,0,0)	(0,600048,0)*(0,600049,0)	(0,0,0)	(0,0,0)	0	100000	-1	0	0	0																
200056	M0023_01_04	(0,210001,0)*(0,0,0)*(0,0,0)	(0,600048,0)*(0,600049,0)*(0,600048,0)	(0,0,0)	(0,0,0)	0	100000	-1	0	0	0																
200057	M0023_01_05	(0,210001,0)*(0,0,0)*(0,0,0)*(0,0,0)*(0,0,0)*(0,0,0)	(0,600048,0)*(0,600049,0)*(0,600048,0)*(0,600049,0)*(0,600048,0)*(0,600049,0)	(0,0,0)	(0,0,0)	0	100000	-1	0	0	0																
200058	M0028_02_01	(0,210001,0)*(0,0,0)*(0,0,0)*(0,0,0)*(0,0,0)*(0,0,0)	(0,210168,0)*(0,210167,0)*(0,210167,0)*(0,210167,0)*(0,210167,0)*(0,210167,0)*(0,210167,0)*(0,210167,0)	(0,0,0)	(0,0,0)	10022	100000	-1	0	0	0																
200059	M0043_02_01	(0,210001,0)*(0,0,0)*(0,0,0)*(0,0,0)*(0,0,0)*(0,0,0)	(0,210168,0)*(0,210167,0)*(0,210167,0)*(0,210167,0)*(0,210167,0)*(0,210167,0)*(0,210167,0)*(0,210167,0)	(0,0,0)	(0,0,0)	100072	90004	-1	0	0	0																
200060	M0043_02_02	(0,0,0)	(0,210005,0)	(0,0,0)	(0,0,0)	0	100000	-1	0	0	0																
200061	M0043_02_02	(0,0,0)*(0,0,0)*(0,0,0)	(0,210005,0)*(0,100070,0)*(0,100070,0)	(0,0,0)	(0,0,0)	0	100000	-1	0	0	0																
200062	M0019_01_01	(0,200017,0)*(0,0,0)*(0,0,0)*(0,0,0)	(0,100096,0)*(0,100097,0)*(0,100097,0)*(0,100097,0)*(0,100097,0)*(0,100097,0)	(0,0,0)	(0,0,0)	100081	100000	-1	0	0	0	120093	100	110021	15	110012	30										
200063	M0019_01_02	(0,0,0)*(0,0,0)*(0,0,0)	(0,100085,0)*(0,100086,0)*(0,100086,0)*(0,100086,0)	(0,0,0)	(0,0,0)	0	0	-1	0	0	0																
200064	M0019_01_03	(0,210002,0)	(0,200016,0)	(0,0,0)	(0,0,0)	100079	100079	-1	0	0	0																
200065	M0019_01_04	(0,100037,0)	(0,100105,0)	(0,0,0)	(0,0,0)	100080	100000	-1	0	0	0	120112	100														
200066	M0019_01_05	(0,0,0)	(0,100034,0)	(1,4,0)	(0,0,0)	100086	0	-1	0	0	0	120004	100														
200067	M0019_01_05	(0,0,0)	(0,100034,0)	(1,4,0)	(0,0,0)	100086	0	-1	0	0	0	120004	100														
200068	M0019_01_06	(0,200017,0)	(0,210177,0)*(0,210178,0)*(0,210179,0)*(0,100097,0)*(0,100097,0)*(0,100083,0)*(0,100083,0)*(0,100083,0)*(0,100086,0)*(0,100086,0)	(0,0,0)	(0,0,0)	100087	100087	-1	0	0	0	120100	100														
200069	M0021_01_01	(0,200000,0)*(0,210001,0)*(0,210002,0)*(0,0,0)*(0,0,0)*(0,0,0)	(0,210182,0)*(0,210182,0)*(0,100104,0)*(0,210181,0)*(0,210181,0)*(0,210181,0)	(0,0,0)	(0,0,0)	100088	90004	-1	0	0	0	130016	100														
200070	M0037_01_01	(0,200000,0)*(0,210001,0)*(0,210002,0)	(0,210056,0)*(0,210056,0)*(0,210056,0)*(0,210056,0)*(0,210057,0)*(0,210057,0)	(0,0,0)	(0,0,0)	100094	100000	-1	0	0	0																
200071	M0037_01_02	(0,200020,0)*(0,200000,0)*(0,0,0)*(0,0,0)*(0,0,0)*(0,0,0)	(0,200005,0)*(0,600017,0)*(0,200006,0)	(0,0,0)	(0,0,0)	100095	90004	-1	Y000080	1	0	130135	100
200072	M0039_01_01	(0,200016,0)*(0,200045,0)*(0,100033,0)*(0,0,0)*(0,0,0)*(0,0,0)*(0,0,0)	(0,200014,0)*(0,200015,0)*(0,200050,0)*(0,200015,0)*(0,200050,0)*(0,200051,0)*(0,200015,0)*(0,200051,0)	(0,0,0)	(0,0,0)	100096	90004	-1	0	0	0	121010	100	120036	100												
200073	M0039_01_02	(0,0,0)*(0,0,0)*(0,0,0)*(0,0,0)	(0,200013,0)*(0,200051,0)*(0,200051,0)	(0,0,0)	(0,0,0)	100098	90004	-1	Y000080	0	0	121013	100	121014	100												
200074	M0039_01_02	(0,210002,0)*(0,210001,0)	(0,890013,0)*(0,200000,0)	(0,0,0)	(0,0,0)	100099	90004	-1	0	0	0
200075	M0039_01_03	(0,0,0)*(0,0,0)*(0,0,0)	(0,200015,0)*(0,200015,0)	(0,0,0)	(0,0,0)	100100	90004	-1	0	0	0																
200076	M0039_01_04	(0,0,0)*(0,0,0)*(0,0,0)	(0,200015,0)*(0,200051,0)*(0,200015,0)	(0,0,0)	(0,0,0)	0	90004	-1	0	0	0																
200077	M0039_01_05	(0,0,0)*(0,0,0)*(0,0,0)	(0,200015,0)*(0,200050,0)*(0,200015,0)	(0,0,0)	(0,0,0)	0	90004	-1	0	0	0																
200078	M0039_01_06	(0,0,0)*(0,0,0)*(0,0,0)*(0,0,0)*(0,0,0)	(0,200015,0)*(0,200050,0)*(0,200015,0)*(0,200051,0)*(0,200015,0)*(0,200051,0)	(0,0,0)	(0,0,0)	0	90004	-1	0	0	0																
200079	M0039_01_07	(0,0,0)*(0,0,0)	(0,200015,0)*(0,200015,0)	(0,0,0)	(0,0,0)	0	90004	-1	0	0	0																
200080	M0039_01_08	(0,200000,0)*(0,210002,0)	(0,200050,0)*(0,200015,0)*(0,200015,0)	(0,0,0)	(0,0,0)	100101	90004	-1	0	0	0																
200081	M0039_01_09	(0,0,0)*(0,0,0)*(0,0,0)	(0,200015,0)*(0,200015,0)*(0,600022,0)*(0,600022,0)*(0,600022,0)	(0,0,0)	(0,0,0)	100102	90004	-1	0	0	0																
200082	M0007_01_01	(0,210002,0)	(0,210004,0)	(0,0,0)	(0,0,0)	100155	100155	-1	0	0	0																
200083	M0036_01_01	(0,0,0)*(0,0,0)*(0,0,0)*(0,0,0)*(0,0,0)*(0,0,0)	(0,600026,0)*(0,600092,0)*(0,600093,0)*(0,600094,0)*(0,600095,0)	(0,0,0)	(0,0,0)	100104	90004	-1	Y000080	0	0	999999	100														
200084	M0039_03_01	(0,200016,0)	(0,200045,0)	(0,0,0)	(0,0,0)	100106	100106	-1	0	0	0																
200085	M0039_03_01	(0,0,0)	(0,200045,0)	(1,6,0)	(0,0,0)	100113	0	-1	0	0	0																
200086	M0039_03_01	(0,210002,0)	(0,200016,0)	(0,0,0)	(0,0,0)	100114	100114	-1	0	0	0																
200087	M0012_01_01	(0,210001,0)	(0,100246,0)	(0,0,0)	(0,0,0)	100117	100117	-1	0	0	0																
200088	M0010_01_01	(0,0,0)	(0,600035,0)	(1,9,0)	(0,0,0)	100122	100122	-1	0	0	0	120064	25														
200089	M0047_01_01	(0,0,0)*(0,0,0)*(0,0,0)*(0,0,0)*(0,100089,0)	(0,200029,0)*(0,600043,0)*(0,600043,0)*(0,600043,0)*(0,600043,0)*(0,600043,0)	(0,0,0)	(0,0,0)	100161	90004	-1	0	1	0	120024	100	110019	15	110006	35										
200090	M0004_02_21	(0,210001,0)*(0,210002,0)	(0,100017,0)	(0,0,0)	(2,210001,0)*(2,210002,0)	100163	0	-1	0	0	0	120001	100	120008	100	120009	15										
200091	M0004_02_21	(0,210001,0)*(0,210002,0)	(0,100017,0)	(0,0,0)	(2,210001,0)*(2,210002,0)	100164	0	-1	0	0	0	121005	100	121008	100												
200092	M0026_01_03	(0,0,0)*(0,0,0)*(0,0,0)	(0,200037,0)*(0,200037,0)	(0,0,0)	(0,0,0)	0	100000	-1	0	0	0	999999	100														
200093	M0007_01_02	(0,0,0)*(0,0,0)*(0,0,0)*(0,0,0)*(0,0,0)	(0,100042,0)*(0,100042,0)*(0,100042,0)*(0,100042,0)*(0,100042,0)	(0,0,0)	(0,0,0)	0	0	-1	0	0	0	130015	50	999999	100												
200094	M0007_01_02	(0,0,0)*(0,0,0)*(0,0,0)*(0,0,0)*(0,0,0)	(0,100042,0)*(0,100042,0)*(0,100042,0)*(0,100042,0)*(0,100042,0)	(0,0,0)	(1,5,0)	0	0	-1	0	0	0	130015	30	999999	100												
200095	M0007_01_02	(0,0,0)*(0,0,0)*(0,0,0)*(0,0,0)*(0,0,0)	(0,100042,0)*(0,100042,0)*(0,100042,0)*(0,100042,0)*(0,100042,0)	(0,0,0)	(0,0,0)	0	0	-1	0	0	0	130015	50	999999	100												
200096	M0007_01_02	(0,0,0)*(0,0,0)*(0,0,0)*(0,0,0)*(0,0,0)	(0,600056,0)*(0,600057,0)*(0,600056,0)*(0,600057,0)*(0,600056,0)*(0,600057,0)*(0,600058,0)	(0,0,0)	(1,7,0)	0	0	-1	0	0	0	130015	100														
200097	M0007_01_02	(0,0,0)*(0,0,0)*(0,0,0)*(0,0,0)*(0,0,0)	(0,100038,0)*(0,100040,0)*(0,100041,0)	(1,10,0)	(0,0,0)	0	0	-1	0	0	0	999999	100	999999	50												
200098	M0006_01_02	(0,0,0)*(0,0,0)*(0,0,0)*(0,0,0)*(0,0,0)	(0,100049,0)*(0,100049,0)*(0,100049,0)*(0,100050,0)*(0,100050,0)	(0,0,0)	(0,0,0)	0	0	-1	0	0	0	130015	15	999999	100												
200099	M0006_01_02	(0,0,0)*(0,0,0)*(0,0,0)*(0,0,0)*(0,0,0)	(0,100049,0)*(0,100049,0)*(0,100049,0)*(0,100050,0)*(0,100050,0)	(0,0,0)	(1,5,0)	0	0	-1	0	0	0	130015	30	999999	100												
200100	M0006_01_02	(0,0,0)*(0,0,0)*(0,0,0)*(0,0,0)*(0,0,0)	(0,100049,0)*(0,100049,0)*(0,100049,0)*(0,100050,0)*(0,100050,0)	(0,0,0)	(0,0,0)	0	0	-1	0	0	0	130015	50	999999	100												
200101	M0006_01_02	(0,0,0)*(0,0,0)*(0,0,0)*(0,0,0)*(0,0,0)*(0,0,0)	(0,100051,0)*(0,100051,0)*(0,100051,0)*(0,100052,0)*(0,100052,0)*(0,100052,0)*(0,100053,0)*(0,100053,0)*(0,100053,0)	(0,0,0)	(1,9,0)	0	0	-1	0	0	0	130015	50														
200102	M0006_01_02	(0,0,0)*(0,0,0)*(0,0,0)*(0,0,0)*(0,0,0)	(0,100044,0)*(0,100045,0)*(0,100046,0)	(1,10,0)	(0,0,0)	0	0	-1	0	0	0	999999	100	999999	50												
200103	M0020_01_0101	(0,0,0)*(0,0,0)*(0,0,0)*(0,0,0)*(0,0,0)	(0,100068,0)*(0,100068,0)*(0,100068,0)*(0,100068,0)*(0,100068,0)	(0,0,0)	(0,0,0)	0	0	-1	0	0	0	130015	15	999999	100												
200104	M0020_01_0101	(0,0,0)*(0,0,0)*(0,0,0)*(0,0,0)*(0,0,0)	(0,100068,0)*(0,100068,0)*(0,100068,0)*(0,100068,0)*(0,100068,0)	(0,0,0)	(1,5,0)	0	0	-1	0	0	0	130015	30	999999	100												
200105	M0020_01_0101	(0,0,0)*(0,0,0)*(0,0,0)*(0,0,0)*(0,0,0)	(0,100068,0)*(0,100068,0)*(0,100068,0)*(0,100068,0)*(0,100068,0)	(0,0,0)	(0,0,0)	0	0	-1	0	0	0	130015	50	999999	100												
200106	M0020_01_0101	(0,0,0)*(0,0,0)*(0,0,0)*(0,0,0)*(0,0,0)*(0,0,0)	(0,100068,0)*(0,100068,0)*(0,100068,0)*(0,100068,0)*(0,100068,0)*(0,100058,0)*(0,100067,0)	(0,0,0)	(1,8,0)	0	0	-1	0	0	0	130015	35	130015	35	110049	50	999999	100								
200107	M0035_01_01	(0,0,0)*(0,0,0)*(0,0,0)*(0,0,0)*(0,0,0)*(0,0,0)	(0,200011,0)*(0,610160,0)*(0,610161,0)*(0,610162,0)*(0,610163,0)*(0,610164,0)*(0,610165,0)	(0,0,0)	(0,0,0)	100169	90004	-1	0	0	0	120031	100	130108	100												
200108	M0035_01_02	(0,0,0)*(0,0,0)*(0,0,0)*(0,0,0)*(0,0,0)	(0,200012,0)*(0,200012,0)*(0,200012,0)*(0,200012,0)	(0,0,0)	(0,0,0)	0	90004	-1	0	0	0	110011	100	999999	100												
200109	M0035_01_02	(0,0,0)*(0,0,0)*(0,0,0)*(0,0,0)	(0,200012,0)*(0,200012,0)*(0,200012,0)	(0,0,0)	(0,0,0)	0	90004	-1	0	0	0	110004	100														
200110	M0035_01_03	(0,0,0)*(0,0,0)*(0,0,0)*(0,0,0)*(0,0,0)	(0,200012,0)*(0,200012,0)*(0,200012,0)*(0,200012,0)*(0,200012,0)	(0,0,0)	(0,0,0)	0	90004	-1	0	0	0	120110	100	110011	50	110004	50										
200111	M0035_01_03	(0,0,0)*(0,0,0)*(0,0,0)	(0,200012,0)*(0,200012,0)	(0,0,0)	(0,0,0)	0	90004	-1	0	0	0	100107	100														
200112	M0035_01_03	(0,0,0)	(0,200012,0)	(0,0,0)	(0,0,0)	0	90004	-1	0	0	0	100806	100														
200113	M0040_01_01	(0,0,0)*(0,0,0)*(0,0,0)*(0,0,0)*(0,0,0)*(0,0,0)*(0,0,0)*(0,0,0)*(0,0,0)	(0,210055,0)*(0,200043,0)*(0,200044,0)*(0,200030,0)*(0,200046,0)*(0,200003,0)*(0,100080,0)*(0,100065,0)*(0,100118,0)	(0,0,0)	(0,0,0)	100174	90005	-1	Y000080	0	0	100317	100	100815	100	110006	100										
200114	M0046_01_01	(0,0,0)	(0,100030,0)	(0,0,0)	(0,0,0)	0	0	-1	0	0	0	120044	100														
200115	M0046_01_01	(0,0,0)	(0,100027,0)	(0,0,0)	(0,0,0)	0	0	-1	0	0	0	120106	100														
200116	M0047_01_02	(0,210004,0)	(0,100089,0)	(0,0,0)	(0,0,0)	100181	100183	-1	0	1	0																
200117	M0047_01_02	(0,100089,0)	(0,210004,0)	(0,0,0)	(0,0,0)	100182	100184	-1	0	1	0																
200118	M0047_01_03	(0,100089,0)*(0,0,0)*(0,0,0)*(0,0,0)*(0,0,0)*(0,0,0)	(0,100090,0)*(0,100090,0)*(0,100090,0)*(0,100090,0)*(0,100090,0)*(0,100090,0)*(0,100090,0)*(0,100090,0)	(0,0,0)	(0,0,0)	0	0	-1	0	0	0	100202	15	100802	50	130015	50										
200119	M0047_01_01	(0,100089,0)	(0,100088,0)	(0,0,0)	(0,0,0)	100185	0	-1	0	1	0	120035	100														
200120	M0020_01_02	(0,210048,0)	(0,100058,0)	(0,0,0)	(0,0,0)	100192	0	-1	0	0	0																
200121	M0004_02_21	(0,0,0)*(0,0,0)	(0,200016,0)*(0,200020,0)	(0,0,0)	(0,0,0)	100194	100194	-1	0	0	0																
200122	M0017_01_02	(0,0,0)*(0,0,0)*(0,0,0)	(0,210165,0)*(0,200028,0)*(0,200028,0)	(0,0,0)	(0,0,0)	100012	100000	-1	0	0	0	100202	15	100809	15	110002	50										
200123	M0017_01_02	(0,0,0)*(0,0,0)*(0,0,0)	(0,210165,0)	(0,0,0)	(0,0,0)	100012	100000	-1	0	0	0	100202	15	100809	15	110002	50										
200124	M0017_01_02	(0,0,0)*(0,0,0)*(0,0,0)	(0,210164,0)*(0,200028,0)*(0,200028,0)*(0,200028,0)	(0,0,0)	(0,0,0)	100012	100000	-1	0	0	0	100202	15	100809	15	110002	50										
200125	M0003_01_01	(0,0,0)*(0,0,0)*(0,0,0)	(0,600063,0)*(0,600063,0)*(0,600063,0)*(0,600063,0)	(0,0,0)	(0,0,0)	0	0	-1	0	0	0	110050	50	100612	20	100401	35										
200126	M0003_01_01	(0,0,0)*(0,0,0)*(0,0,0)*(0,0,0)*(0,0,0)	(0,600063,0)*(0,600063,0)*(0,600063,0)*(0,600063,0)*(0,600063,0)*(0,500115,0)	(0,0,0)	(0,0,0)	100286	0	-1	0	0	0	130015	50														
200127	M0003_01_01	(0,0,0)*(0,0,0)*(0,0,0)*(0,0,0)	(0,600063,0)*(0,600063,0)*(0,600063,0)*(0,210116,0)	(0,0,0)	(0,0,0)	0	0	-1	0	0	0	100933	52	100102	35	110050	50	999999	100								
200128	M0003_01_01	(0,0,0)*(0,0,0)*(0,0,0)*(0,0,0)	(0,600063,0)*(0,600063,0)*(0,600063,0)*(0,600063,0)*(0,600063,0)	(0,0,0)	(0,0,0)	0	0	-1	0	0	0	130015	70	110033	35												
200129	M0003_01_01	(0,0,0)*(0,0,0)	(0,600063,0)*(0,600063,0)*(0,600063,0)	(0,0,0)	(0,0,0)	0	0	-1	0	0	0	100201	30	130015	20	999999	100										
200130	M0003_01_01	(0,0,0)*(0,0,0)*(0,0,0)*(0,0,0)*(0,0,0)	(0,210116,0)*(0,210116,0)*(0,210116,0)	(0,0,0)	(0,0,0)	0	0	-1	0	0	0	100933	100	100934	100	110050	50										
200131	M0034_01_01	(0,0,0)*(0,0,0)*(0,0,0)*(0,0,0)*(0,0,0)*(0,0,0)	(0,100054,0)*(0,100133,0)*(0,100133,0)*(0,100133,0)*(0,100133,0)*(0,100133,0)*(0,100133,0)	(0,0,0)	(0,0,0)	100208	0	-1	0	0	0																
200132	M0039_03_02	(0,210002,0)	(0,200041,0)	(1,4,0)	(0,0,0)	100213	0	-1	0	0	0	120005	100														
200133	M0099_01	(0,0,0)*(0,100145,0)	(0,210116,0)	(0,0,0)	(0,0,0)	110001	0	-1	0	0	0	100933	100	100934	100												
200134	M0099_01	(0,0,0)	(0,100145,0)	(0,0,0)	(0,0,0)	100233	100233	-1	0	0	0																
200135	M0099_01	(0,0,0)*(0,0,0)*(0,0,0)*(0,100008,0)*(0,0,0)*(0,0,0)	(0,200025,0)*(0,210163,0)*(0,210164,0)*(0,210165,0)*(0,200028,0)*(0,200028,0)*(0,200028,0)	(0,0,0)	(0,0,0)	100234	100234	-1	0	0	0																
200136	M0099_01	(0,200044,0)*(0,100008,0)	(0,990024,0)*(0,990025,0)	(0,0,0)	(0,0,0)	100235	100235	-1	0	0	0																
200137	M0000_02_01	(0,0,0)*(0,0,0)*(0,0,0)*(0,0,0)*(0,0,0)	(0,100107,0)*(0,100108,0)*(0,100112,0)*(0,100113,0)	(0,0,0)	(0,0,0)	100236	100000	-1	0	0	0	110002	25	110003	25												
200138	M0050_01_01	(0,0,0)*(0,0,0)*(0,0,0)*(0,0,0)*(0,0,0)*(0,0,0)	(0,100130,0)*(0,100130,0)*(0,100130,0)*(0,100130,0)*(0,100130,0)*(0,100130,0)*(0,610167,0)*(0,610169,0)	(0,0,0)	(0,0,0)	100237	90004	-1	0	0	0																
200139	M0050_01_01	(0,0,0)*(0,0,0)*(0,0,0)*(0,0,0)*(0,0,0)*(0,0,0)	(0,210163,0)*(0,600102,0)*(0,200028,0)*(0,210164,0)*(0,200028,0)*(0,210165,0)*(0,200028,0)*(0,200028,0)*(0,210166,0)	(0,0,0)	(0,0,0)	100238	100000	-1	0	0	0																
200140	M0000_02_01	(0,0,0)*(0,0,0)*(0,0,0)*(0,0,0)*(0,0,0)*(0,0,0)	(0,100083,0)*(0,100083,0)*(0,100083,0)*(0,100083,0)*(0,100083,0)*(0,100083,0)*(0,100083,0)*(0,100083,0)*(0,100083,0)	(0,0,0)	(0,0,0)	100239	100000	-1	0	0	0																
200141	M0050_01_01	(0,0,0)*(0,0,0)*(0,0,0)*(0,0,0)*(0,0,0)*(0,0,0)	(0,100140,0)*(0,100140,0)*(0,100140,0)*(0,100140,0)*(0,100140,0)*(0,100140,0)*(0,100140,0)*(0,100140,0)*(0,100140,0)	(0,0,0)	(0,0,0)	100240	100000	-1	0	0	0	120116	35	999999	100												
200142	M0050_01_01	(0,0,0)*(0,0,0)*(0,0,0)*(0,0,0)*(0,0,0)*(0,0,0)	(0,210182,0)*(0,210182,0)*(0,210182,0)*(0,210182,0)*(0,210181,0)	(0,0,0)	(0,0,0)	100241	90004	-1	0	0	0																
200143	M0099_01	(0,0,0)*(0,0,0)*(0,0,0)*(0,0,0)*(0,0,0)*(0,0,0)	(0,100145,0)*(0,100145,0)*(0,100145,0)*(0,100145,0)*(0,100145,0)*(0,100145,0)	(0,0,0)	(0,0,0)	100242	100000	-1	0	0	0	999999	100														
200144	M0000_02_01	(0,0,0)*(0,0,0)*(0,0,0)*(0,0,0)*(0,0,0)*(0,0,0)	(0,210075,0)*(0,210076,0)*(0,210077,0)*(0,210078,0)*(0,210078,0)*(0,210075,0)*(0,210076,0)*(0,210077,0)	(0,0,0)	(0,0,0)	100243	100000	-1	0	0	0																
200145	M0000_02_01	(0,0,0)*(0,0,0)*(0,0,0)*(0,0,0)*(0,0,0)*(0,0,0)	(0,210079,0)*(0,500040,0)*(0,500040,0)*(0,500040,0)*(0,500040,0)*(0,500040,0)	(0,0,0)	(0,0,0)	100244	90004	-1	0	0	0																
200146	M0099_01	(0,0,0)*(0,0,0)*(0,0,0)*(0,0,0)*(0,210007,0)*(0,100091,0)	(0,210075,0)*(0,210076,0)*(0,210077,0)*(0,210078,0)*(0,210078,0)*(0,210075,0)*(0,210076,0)	(0,0,0)	(0,0,0)	100245	100000	-1	0	0	0																
200147	M0099_01	(0,0,0)*(0,0,0)*(0,0,0)*(0,0,0)*(0,0,0)*(0,210007,0)	(0,210075,0)*(0,210076,0)*(0,210077,0)*(0,210078,0)*(0,210078,0)*(0,600064,0)*(0,210075,0)*(0,210076,0)	(0,0,0)	(0,0,0)	100246	100000	-1	0	0	0	121025	100														
200148	M0000_02_01	(0,200000,0)*(0,210002,0)*(0,210001,0)	(0,100118,0)	(1,7,0)	(0,0,0)	100247	100247	-1	0	0	0	120058	100														
200149	M0099_01	(0,0,0)*(0,0,0)*(0,0,0)*(0,0,0)*(0,0,0)*(0,0,0)	(0,500083,0)*(0,500083,0)*(0,500083,0)*(0,500083,0)*(0,500083,0)*(0,500083,0)*(0,500083,0)*(0,500083,0)*(0,500083,0)	(0,0,0)	(0,0,0)	100248	100000	-1	0	0	0	999999	100														
200150	M0099_01	(0,210009,0)	(0,100099,0)	(1,4,0)	(0,0,0)	100217	0	-1	0	0	0	100923	100														
200151	M0050_01_01	(0,100034,0)	(0,600065,0)	(0,0,0)	(0,0,0)	110003	110005	-1	0	0	0	100216	100														
200152	M0099_01	(0,0,0)*(0,0,0)*(0,0,0)*(0,0,0)	(0,200012,0)*(0,200012,0)*(0,200012,0)	(0,0,0)	(0,0,0)	0	0	-1	0	0	0	120067	100	121018	100												
200153	M0000_02_01	(0,100120,0)*(0,200000,0)*(0,210002,0)*(0,210001,0)	(0,300001,0)*(0,300001,0)	(0,0,0)	(0,0,0)	0	100000	-1	0	0	0	120058	100														
200154	M0099_01	(0,0,0)*(0,0,0)*(0,0,0)*(0,0,0)*(0,0,0)	(0,100135,0)	(0,0,0)	(1,20,0)	100219	0	-1	0	0	0	999999	100														
200155	M0099_01	(0,0,0)*(0,0,0)*(0,0,0)	(0,600022,0)*(0,600022,0)*(0,600022,0)	(0,0,0)	(0,0,0)	110003	90004	-1	0	0	0																
200156	M0000_02_01	(0,0,0)*(0,0,0)*(0,0,0)	(0,600073,0)*(0,600074,0)	(0,0,0)	(0,0,0)	110002	0	-1	0	0	0	110031	100														
200157	M0000_02_01	(0,200045,0)	(0,600075,0)*(0,600075,0)*(0,600075,0)	(0,0,0)	(0,0,0)	110001	0	-1	0	0	0																
200158	M0000_02_01	(0,210002,0)	(0,100143,0)	(0,0,0)	(0,0,0)	0	0	-1	0	0	0	121023	100														
200159	M0024_01_01	(0,210001,0)	(0,200017,0)	(0,0,0)	(0,0,0)	100225	100225	-1	0	0	0																
200160	M0024_01_01	(0,210002,0)	(0,200017,0)	(0,0,0)	(0,0,0)	100225	100225	-1	0	0	0																
200161	M0021_01_02	(0,0,0)*(0,0,0)*(0,0,0)	(0,100105,0)	(0,0,0)	(0,0,0)	0	90004	-1	0	0	0	130035	100														
200162	M0050_01_01	(0,0,0)*(0,0,0)*(0,0,0)*(0,0,0)*(0,0,0)*(0,0,0)	(0,600077,0)*(0,600077,0)*(0,600077,0)*(0,600077,0)*(0,600077,0)*(0,600077,0)*(0,600077,0)*(0,600077,0)*(0,600077,0)	(0,0,0)	(0,0,0)	110007	100000	-1	0	0	0	130036	100	999999	100												
200163	M0007_01_02	(0,100037,0)	(0,100038,0)	(0,0,0)	(0,0,0)	100271	0	-1	0	0	0	121020	100														
200164	M0007_01_02	(0,100037,0)	(0,100038,0)	(0,0,0)	(0,0,0)	100272	0	-1	0	0	0	120056	100														
200165	M0007_01_01	(0,210004,0)	(0,100040,0)	(0,0,0)	(0,0,0)	100273	0	-1	0	0	0	121022	100														
200166	M0007_01_01	(0,210004,0)	(0,100040,0)	(0,0,0)	(0,0,0)	100274	0	-1	0	0	0	120010	100														
200167	M0040_01_02	(0,200000,0)*(0,0,0)*(0,0,0)*(0,0,0)*(0,0,0)*(0,0,0)*(0,0,0)	(0,200002,0)	(0,0,0)	(0,0,0)	100319	90005	-1	Y000040	0	0																
200168	M0006_01_02	(0,210001,0)	(0,100049,0)*(0,100049,0)*(0,100049,0)*(0,100049,0)*(0,100053,0)*(0,100053,0)	(0,0,0)	(0,0,0)	100278	0	-1	0	0	0	100918	100	110019	100												
200169	M0028_02_02	(0,0,0)*(0,0,0)*(0,0,0)	(0,100052,0)	(0,0,0)	(0,0,0)	100279	100000	-1	0	0	0	130036	100														
200170	M0028_02_02	(0,0,0)*(0,0,0)*(0,0,0)*(0,0,0)*(0,0,0)*(0,100052,0)	(0,600077,0)*(0,600077,0)*(0,600077,0)*(0,600077,0)*(0,600077,0)*(0,600077,0)*(0,600077,0)*(0,600077,0)*(0,600077,0)*(0,600077,0)*(0,600077,0)*(0,600081,0)	(0,0,0)	(0,0,0)	100279	100000	-1	0	0	0	130036	100														
200171	M0006_01_03	(0,0,0)*(0,0,0)*(0,0,0)*(0,0,0)*(0,0,0)*(0,0,0)*(0,100049,0)*(0,100049,0)*(0,100049,0)*(0,100050,0)*(0,100050,0)*(0,100051,44)	(0,100312,0)*(0,300001,0)*(0,300001,0)*(0,300001,0)*(0,300001,0)*(0,300001,0)*(0,100130,0)*(0,100130,0)*(0,100130,0)*(0,100130,0)*(0,100130,0)*(0,100130,0)*(0,100130,0)*(0,100128,0)*(0,100129,0)	(0,0,0)	(0,0,0)	100282	100000	-1	0	0	0	999999	100														
200172	M0006_01_03	(0,100011,0)*(0,210001,0)*(0,200000,0)*(0,210002,0)	(0,100312,0)*(0,300001,0)*(0,300001,0)*(0,300001,0)*(0,300001,0)*(0,300001,0)*(0,100130,0)*(0,100130,0)*(0,100130,0)*(0,100130,0)*(0,100130,0)*(0,100130,0)*(0,100130,0)*(0,100128,0)*(0,100129,0)	(0,0,0)	(0,0,0)	100282	0	-1	0	0	0																
200173	M0026_01_99	(0,0,0)*(0,0,0)*(0,0,0)*(0,0,0)*(0,0,0)*(0,0,0)	(0,210072,0)*(0,210072,0)*(0,210072,0)*(0,210072,0)*(0,210072,0)*(0,210072,0)*(0,210072,0)*(0,210072,0)*(0,210072,0)	(0,0,0)	(0,0,0)	100284	100000	-1	0	0	0	120015	100														
200174	M0007_01_03	(0,0,0)*(0,0,0)*(0,0,0)*(0,0,0)*(0,0,0)*(0,0,0)*(0,100042,28)*(0,100042,17)*(0,100042,98)*(0,100042,89)*(0,100040,48)*(0,100038,57)*(0,100041,68)	(0,100088,54)*(0,100102,0)*(0,100103,0)*(0,100103,0)*(0,100072,0)*(0,100071,0)*(0,210177,0)*(0,210178,0)*(0,210179,0)*(0,100090,0)*(0,100090,0)*(0,100090,0)*(0,100049,0)*(0,100049,0)*(0,210072,0)	(0,0,0)	(0,0,0)	100288	100000	-1	0	0	0	100318	100														
200175	M0032_01_03	(0,0,0)*(0,0,0)*(0,0,0)*(0,0,0)*(0,0,0)*(0,0,0)	(0,600050,0)*(0,600050,0)*(0,600051,0)*(0,600051,0)*(0,600053,0)*(0,600053,0)	(0,0,0)	(0,0,0)	100289	100000	-1	0	1	0	110007	30	110003	30	110044	30										
200176	M0040_01_02	(0,200040,0)	(0,200002,0)	(0,0,0)	(0,0,0)	100298	90005	-1	Y000040	0	0																
200177	M0099_01	(0,0,0)*(0,0,0)*(0,0,0)*(0,0,0)*(0,0,0)*(0,0,0)	(0,100100,0)*(0,100101,0)*(0,100101,0)*(0,100102,0)*(0,100102,0)*(0,100103,0)*(0,100103,0)*(0,100102,0)*(0,100103,0)	(0,0,0)	(0,0,0)	100303	100303	-1	0	0	0	120118	100														
200178	M0043_02_02	(0,0,0)*(0,0,0)*(0,0,0)	(0,600047,0)*(0,600047,0)*(0,600047,0)*(0,600047,0)*(0,600047,0)	(0,0,0)	(0,0,0)	100308	100000	-1	0	1	0	130050	100														
200179	M0043_02_01	(0,0,0)*(0,0,0)*(0,0,0)	(0,600047,0)*(0,600047,0)*(0,600047,0)*(0,600047,0)*(0,600047,0)	(0,0,0)	(0,0,0)	100309	100000	-1	0	1	0																
200180	M0099_01	(0,100299,0)	(0,210125,0)	(0,0,0)	(0,0,0)	0	100332	-1	0	0	0	130060	100														
200181	M0037_01_03	(0,0,0)*(0,0,0)*(0,0,0)*(0,0,0)*(0,0,0)*(0,0,0)*(0,0,0)	(0,210181,0)*(0,210181,0)*(0,210181,0)*(0,210181,0)*(0,210181,0)*(0,210181,0)*(0,210182,0)*(0,210182,0)*(0,210182,0)	(0,0,0)	(0,0,0)	0	100000	-1	0	0	0	110050	50	130057	100	120108	10										
200182	M0037_01_03	(0,0,0)*(0,0,0)*(0,0,0)*(0,0,0)*(0,0,0)*(0,0,0)	(0,210181,0)*(0,210181,0)*(0,210181,0)*(0,210181,0)*(0,210181,0)*(0,210181,0)	(0,0,0)	(0,0,0)	0	100000	-1	0	0	0	130053	100	110003	50												
200183	M0037_01_03	(0,0,0)*(0,0,0)*(0,0,0)*(0,0,0)*(0,0,0)*(0,0,0)	(0,210181,0)*(0,210181,0)*(0,210181,0)*(0,600018,0)*(0,600018,0)*(0,600018,0)*(0,600018,0)*(0,600018,0)*(0,600018,0)*(0,600018,0)*(0,600018,0)*(0,600018,0)*(0,600018,0)*(0,600018,0)*(0,600018,0)	(0,0,0)	(0,0,0)	0	100000	-1	0	0	0	110054	100	110006	15												
200184	M0037_01_03	(0,0,0)*(0,0,0)*(0,0,0)*(0,0,0)*(0,0,0)*(0,0,0)	(0,210182,0)*(0,210182,0)*(0,210182,0)*(0,210182,0)*(0,210182,0)*(0,210182,0)*(0,210182,0)*(0,210182,0)*(0,210182,0)	(0,0,0)	(0,0,0)	0	100000	-1	0	0	0	110055	100	130015	50												
200185	M0037_01_03	(0,0,0)*(0,0,0)*(0,0,0)*(0,0,0)*(0,0,0)*(0,0,0)	(0,210182,0)*(0,210182,0)*(0,210182,0)*(0,210182,0)*(0,210182,0)*(0,600018,0)*(0,600018,0)*(0,600018,0)*(0,600018,0)*(0,600018,0)*(0,600018,0)*(0,600018,0)*(0,600018,0)*(0,600018,0)*(0,600018,0)	(0,0,0)	(0,0,0)	0	100000	-1	0	0	0	110056	100	130015	50												
200186	M0050_01_01	(0,100010,0)*(0,100006,0)*(0,100011,0)*(0,100004,0)*(0,100018,0)	(0,200023,0)*(0,200025,0)*(0,200026,0)*(0,200027,0)*(0,600087,0)	(0,0,0)	(0,0,0)	100337	100338	-1	0	0	0																
200187	M0050_01_01	(0,200023,0)*(0,200025,0)*(0,200026,0)*(0,200027,0)*(0,600087,0)	(0,100010,0)*(0,100006,0)*(0,100011,0)*(0,100004,0)*(0,100018,0)	(0,0,0)	(0,0,0)	100339	100340	-1	0	0	0																
200188	M0050_01_01	(0,0,0)*(0,0,0)*(0,0,0)*(0,0,0)*(0,0,0)*(0,0,0)*(0,100050,0)*(0,100053,0)*(0,100051,0)	(0,100104,0)*(0,100105,0)*(0,100106,0)*(0,100140,0)*(0,100140,0)*(0,100140,0)*(0,100140,0)*(0,100140,0)	(0,0,0)	(0,0,0)	100350	100350	-1	0	0	0	110021	100	100961	100	121009	100										
200189	M0040_01_03	(0,0,0)*(0,0,0)*(0,0,0)	(0,500083,0)*(0,500083,0)*(0,500083,0)*(0,500083,0)*(0,500083,0)	(0,0,0)	(0,0,0)	0	90004	-1	0	1	0																
200190	M0040_01_03	(0,0,0)*(0,0,0)*(0,0,0)	(0,500083,0)*(0,500083,0)*(0,500083,0)*(0,500083,0)*(0,500083,0)	(0,0,0)	(0,0,0)	0	90004	-1	0	1	0																
200191	M0040_01_03	(0,0,0)*(0,0,0)*(0,0,0)	(0,500083,0)*(0,500083,0)*(0,500083,0)*(0,500083,0)*(0,500083,0)	(0,0,0)	(0,0,0)	0	90004	-1	0	1	0																
200192	M0040_01_06	(0,0,0)*(0,0,0)*(0,0,0)	(0,500083,0)*(0,200003,0)*(0,500083,0)	(0,0,0)	(0,0,0)	100356	90004	-1	Y000080	1	0																
200193	M0046_01_01	(0,100017,0)	(0,600096,0)	(0,0,0)	(0,0,0)	100359	100000	-1	0	0	0																
200194	M0046_01_01	(0,100017,0)	(0,600097,0)	(0,0,0)	(0,0,0)	100360	100000	-1	0	0	0																
200195	M0016_01_02	(0,0,0)*(0,0,0)*(0,0,0)	(0,100145,0)*(0,100144,0)*(0,600100,0)	(0,0,0)	(0,0,0)	100364	100000	-1	0	0	0																
200196	M0013_04_03	(0,0,0)*(0,0,0)*(0,0,0)	(0,210075,0)*(0,210076,0)*(0,210077,0)*(0,210078,0)*(0,200037,0)*(0,200037,0)	(0,0,0)	(0,0,0)	100365	100000	-1	0	1	0	100954	100														
200197	M0013_04_03	(0,0,0)*(0,0,0)*(0,0,0)*(0,100066,0)	(0,210075,0)*(0,210076,0)*(0,210077,0)*(0,210078,0)*(0,200037,0)*(0,200037,0)	(0,0,0)	(0,0,0)	100365	100000	-1	0	1	0	100954	100														
200198	M0050_01_01	(0,0,0)*(0,0,0)*(0,0,0)*(0,0,0)*(0,0,0)*(0,0,0)	(0,600101,0)*(0,210103,0)*(0,210103,0)*(0,210103,0)*(0,210103,0)*(0,210103,0)*(0,210103,0)*(0,210103,0)*(0,210103,0)	(0,0,0)	(0,0,0)	100368	100000	-1	0	0	0																
200199	M0039_03_02	(0,210001,0)*(0,200022,0)	(0,200000,0)*(0,210002,0)	(0,0,0)	(0,0,0)	100375	0	-1	0	0	0	110057	100	110057	100	110057	100										
200200	M0050_01_01	(0,0,0)*(0,0,0)*(0,0,0)*(0,200022,0)*(0,100415,0)*(0,100415,0)*(0,100415,0)*(0,100415,0)*(0,990029,0)	(0,610166,0)*(0,610167,0)*(0,610168,0)*(0,610169,0)*(0,300001,0)*(0,300001,0)*(0,300001,0)*(0,300001,0)*(0,300001,0)	(0,0,0)	(0,0,0)	100376	90004	-1	0	0	0																
200201	M0028_02_03	(0,210001,15)*(0,200022,20)*(0,990029,0)*(0,0,0)*(0,0,0)*(0,0,0)	(0,610172,32)*(0,610173,0)*(0,610173,0)*(0,610173,0)*(0,610173,0)*(0,610173,0)*(0,610173,0)*(0,610173,0)*(0,610173,0)	(0,0,0)	(0,0,0)	100380	90004	-1	0	0	0	100810	100														
200202	M0050_01_01	(0,0,0)*(0,0,0)*(0,0,0)*(0,0,0)*(0,0,0)*(0,0,0)	(0,100130,0)*(0,100130,0)*(0,100130,0)*(0,100130,0)*(0,100130,0)*(0,100130,0)*(0,300001,0)*(0,300001,0)	(0,0,0)	(0,0,0)	0	90004	-1	0	0	0																
200203	M0050_01_01	(0,0,0)*(0,0,0)*(0,0,0)*(0,0,0)*(0,0,0)*(0,0,0)	(0,210163,0)*(0,200028,0)*(0,210164,0)*(0,200028,0)*(0,210165,0)*(0,200028,0)*(0,200028,0)*(0,210166,0)	(0,0,0)	(0,0,0)	0	90004	-1	0	0	0																
200204	M0038_01_01	(0,0,0)*(0,0,0)*(0,0,0)*(0,0,0)*(0,0,0)*(0,0,0)	(0,210105,0)*(0,210103,0)*(0,210103,0)*(0,210103,0)*(0,210103,0)*(0,210103,0)*(0,210103,0)*(0,210103,0)	(0,0,0)	(0,0,0)	100384	90004	-1	0	0	0
200205	M0040_01_01	(0,0,0)*(0,0,0)*(0,0,0)*(0,0,0)*(0,0,0)*(0,0,0)*(0,0,0)*(0,0,0)*(0,0,0)	(0,210055,0)*(0,200043,0)*(0,100245,0)*(0,200030,0)*(0,200046,0)*(0,200003,0)*(0,100080,0)*(0,100065,0)*(0,100118,0)	(0,0,0)	(0,0,0)	100174	90005	-1	0	0	0	100317	100	100815	100	110006	100
200206	M0038_01_01	(0,200022,0)	(0,100126,0)*(0,100127,0)*(0,100128,0)*(0,100129,0)	(0,0,0)	(0,0,0)	100383	90004	-1	0	0	0
200207	M0038_01_01	(0,200022,24)	(0,210110,7)*(0,210110,8)*(0,210110,12)*(0,210110,15)*(0,210110,34)*(0,210110,36)*(0,210110,22)*(0,210110,26)*(0,210110,20)	(0,0,0)	(0,0,0)	100385	100000	-1	0	0	0
200208	M0031_01_01	(0,210001,0)	(0,610174,0)	(0,0,0)	(0,0,0)	100386	100386	-1	0	0	0	100941	100	121019	100
200999	M0008_01_99	(0,220000,0)*(0,800015,0)*(0,800016,0)*(0,800035,0)*(0,800036,0)*(0,100054,0)*(0,800057,0)*(0,100059,0)*(0,100066,0)*(0,100056,0)*(0,800091,0)*(0,800092,0)*(0,800094,0)*(0,800098,0)*(0,200000,0)*(0,200016,0)*(0,200020,0)*(0,200017,0)*(0,200022,0)*(0,200043,0)*(0,200044,0)*(0,100058,0)*(0,100061,0)	(0,100422,0)*(0,800075,0)*(0,800104,0)*(0,800105,0)*(0,800106,0)*(0,820005,0)*(0,820013,0)*(0,890023,0)*(0,890024,0)*(0,890025,0)*(0,890026,0)*(0,990027,0)*(0,990028,0)*(0,200006,0)*(0,200006,0)*(0,200006,0)*(0,200006,0)*(0,820075,0)*(0,820075,0)*(0,820075,0)*(0,820075,0)*(0,820075,0)*(0,820075,0)*(0,820075,0)*(0,820075,0)	(0,0,0)	(0,0,0)	100992	100998	-1	0	0	0
1000101	M0099_01	(0,210001,0)*(0,0,0)*(0,0,0)*(0,0,0)*(0,0,0)*(0,0,0)	(0,500092,0)*(0,500092,0)*(0,500092,0)*(0,500092,0)*(0,500092,0)*(0,500092,0)*(0,500092,0)*(0,500092,0)*(0,500092,0)*(0,500092,0)*(0,500092,0)*(0,500092,0)	(0,0,0)	(0,0,0)	200132	100000	-1	0	0	0																
1000102	M0000_02_01	(0,210001,0)*(0,0,0)*(0,0,0)*(0,0,0)*(0,0,0)*(0,0,0)	(0,500102,0)*(0,500103,0)	(0,0,0)	(0,0,0)	200181	100000	-1	0	0	0																
1000103	M0050_01_01	(0,210001,0)*(0,0,0)*(0,0,0)*(0,0,0)*(0,0,0)*(0,0,0)	(0,500104,0)*(0,500105,0)	(0,0,0)	(0,0,0)	200182	100000	-1	0	0	0																
1000104	M0099_01	(0,210001,0)*(0,0,0)*(0,0,0)*(0,0,0)*(0,0,0)*(0,0,0)	(0,500104,0)*(0,500105,0)	(0,0,0)	(0,0,0)	200182	100000	-1	0	0	0																
1000105	M0000_02_01	(0,210001,0)*(0,0,0)*(0,0,0)*(0,0,0)*(0,0,0)*(0,0,0)	(0,500104,0)*(0,500105,0)	(0,0,0)	(0,0,0)	200182	100000	-1	0	0	0																
1000106	M0000_02_01	(0,210001,0)*(0,0,0)*(0,0,0)*(0,0,0)*(0,0,0)*(0,0,0)	(0,500102,0)*(0,500103,0)*(0,500104,0)*(0,500105,0)	(0,0,0)	(0,0,0)	200216	100000	-1	0	0	0																
1000107	M0000_02_0202	(0,210001,0)*(0,0,0)*(0,0,0)*(0,0,0)*(0,0,0)*(0,500085,78)*(0,210003,79)*(0,500023,77)	(0,500116,17)*(0,500116,36)*(0,500116,56)*(0,500116,75)*(0,500116,96)*(0,500116,116)*(0,500116,137)*(0,100133,0)*(0,100133,0)*(0,100133,0)*(0,100133,0)*(0,100133,0)*(0,100133,0)*(0,100133,0)*(0,100133,0)*(0,100133,0)*(0,100133,0)	(0,0,0)	(2,500023,0)*(2,500085,0)	200237	200239	-1	0	0	0	120092	100
1010101	M0001_05_0204	(0,210002,0)	(0,500006,0)	(0,0,0)	(0,0,0)	200013	200211	-1	0	0	0	110013	100														
1010102	M0001_05_0211	(0,210001,0)*(0,210002,0)	(0,500016,0)	(0,0,0)	(0,0,0)	200008	0	-1	0	0	0																
1010103	M0001_05_0205	(0,500005,0)	(0,500016,0)	(0,0,0)	(0,0,0)	200016	200212	-1	0	0	0	110021	100														
1010201	M0001_05_0201	(0,210001,0)	(0,500020,45)	(0,0,0)	(0,0,0)*(1,6,0)	200019	200020	-1	0	0	0																
1010202	M0001_05_0202	(0,210001,0)	(0,100072,0)	(0,0,0)	(0,0,0)	200024	200025	-1	0	0	0																
1010203	M0001_05_0203	(0,210001,0)*(0,210002,0)	(0,500073,0)*(0,500073,0)*(0,500074,0)*(0,500074,0)*(0,500075,0)*(0,500075,0)	(0,0,0)	(0,0,0)	200045	100000	-1	0	1	0	110050	50														
1010204	M0001_02_0201	(0,210001,0)*(0,360113,1)	(0,210001,0)*(0,360113,1)	(0,0,0)	(0,0,0)*(1,1,0)	0	200053	-1	0	0	0																
1010205	M0001_02_0202	(0,210001,0)*(0,360113,1)	(0,210001,0)*(0,360113,1)	(0,0,0)	(0,0,0)*(1,1,0)	0	200053	-1	0	0	0																
1010206	M0001_02_0203	(0,210001,0)*(0,360113,1)	(0,210001,0)*(0,360113,1)	(0,0,0)	(0,0,0)*(1,1,0)	0	200053	-1	0	0	0																
1010207	M0001_02_0204	(0,210001,0)*(0,360113,1)	(0,210001,0)*(0,360113,1)	(0,0,0)	(0,0,0)*(1,1,0)	0	200053	-1	0	0	0																
1010208	M0001_05_0207	(0,210002,0)	(0,210007,0)	(0,0,0)	(0,0,0)	200058	200059	-1	0	1	0																
1010501	M0001_05_0212	(0,210001,0)*(0,210002,0)*(0,200000,0)*(0,100066,0)*(0,0,0)*(0,0,0)	(0,210055,4)*(0,500040,0)*(0,500040,0)*(0,500040,0)*(0,500040,0)*(0,500040,0)*(0,500040,0)	(0,0,0)*(1,8,0)	(0,0,0)	200049	100223	-1	Y000080	0	0																
1010502	M0001_05_0208	(0,210001,0)*(0,210002,0)*(0,210007,0)*(0,200000,0)	(0,100107,0)*(0,100108,0)*(0,100112,0)*(0,100113,0)	(0,0,0)	(0,0,0)	200068	100000	-1	0	0	0																
1010503	M0001_05_0213	(0,210001,0)*(0,0,0)*(0,0,0)*(0,0,0)*(0,0,0)*(0,0,0)*(0,210006,26)*(0,100074,31)*(0,100075,32)	(0,200003,28)*(0,200046,34)*(0,500083,16)*(0,500083,17)*(0,500083,18)*(0,500083,22)*(0,500083,23)*(0,500083,41)*(0,500083,44)	(0,0,0)	(0,0,0)	200088	100000	-1	Y000080	0	0																
1010504	M0001_05_0214	(0,210003,0)*(0,500023,0)	(0,500085,0)	(1,12,0)	(2,500023,0)*(2,210003,0)	200095	200096	-1	0	1	0																
1010505	M0001_05_0215	(0,210001,0)*(0,210008,0)	(0,100071,0)	(0,0,0)	(0,0,0)	200122	200123	-1	0	1	0																
1010506	M0001_05_0216	(0,200039,0)	(0,100146,0)	(0,0,0)	(0,0,0)	200155	200156	-1	0	1	0																
1010507	M0001_05_0217	(0,210001,27)*(0,210002,14)	(0,100106,0)	(0,0,0)	(0,0,0)	200168	100000	-1	0	0	0																
1010508	M0001_05_0218	(0,100075,0)	(0,100074,0)	(0,0,0)	(0,0,0)	200173	200174	-1	0	1	0																
1010509	M0001_05_0218	(0,100075,0)	(0,100074,0)	(0,0,0)	(0,0,0)	200176	200174	-1	0	1	0																
1020101	M0002_01_0201	(0,210001,0)*(0,0,0)*(0,0,0)	(0,100095,0)*(0,100095,0)*(0,100095,0)	(0,0,0)	(0,0,0)	200100	200101	-1	0	0	0																
1020102	M0002_01_0202	(0,210001,0)*(0,210008,0)*(0,0,0)	(0,100095,0)*(0,100095,0)*(0,100095,0)	(0,0,0)	(0,0,0)	200103	100000	-1	0	0	0																
1020103	M0002_01_0201	(0,210001,0)*(0,0,0)*(0,0,0)	(0,100095,0)*(0,100095,0)*(0,100095,0)	(0,0,0)	(0,0,0)	200103	100000	-1	0	0	0																
1020104	M0002_01_0201	(0,210001,12)*(0,210008,8)*(0,0,0)*(0,0,0)*(0,0,0)	(0,200004,6)*(0,210103,1)*(0,210103,2)*(0,210103,11)*(0,210103,15)	(0,0,0)	(0,0,0)	200126	100000	-1	Y000080	0	0																
1020105	M0002_01_0201	(0,210001,12)*(0,210008,8)*(0,0,0)*(0,0,0)*(0,0,0)	(0,210103,1)*(0,210103,2)*(0,210103,11)*(0,210103,15)	(0,0,0)	(0,0,0)	200128	100000	-1	0	0	0																
1020106	M0002_01_0203	(0,210001,0)*(0,210002,0)	(0,500108,0)	(0,0,0)	(0,0,0)	200199	200210	-1	0	0	0	121011	100	130015	100											
1030101	M0003_01_0201	(0,210001,0)*(0,0,0)*(0,0,0)*(0,0,0)*(0,0,0)*(0,0,0)	(0,100140,0)*(0,100140,0)*(0,100140,0)*(0,200046,0)*(0,100140,0)*(0,100140,0)*(0,100140,0)	(0,0,0)	(0,0,0)	200092	100000	-1	0	0	0																
1030102	M0003_01_0202	(0,210001,0)*(0,200000,0)*(0,210002,0)*(0,0,0)	(0,100113,0)*(0,100112,0)	(0,0,0)	(0,0,0)	200158	100000	-1	0	0	0																
1040201	M0004_02_21	(0,210001,0)*(0,210002,0)	(0,100017,0)	(0,0,0)	(0,0,0)	200140	200139	-1	0	0	0																
1040202	M0004_02_0201	(0,210001,3)*(0,210002,4)*(0,100019,5)*(0,100017,6)*(0,0,0)*(0,0,0)	(0,210055,11)*(0,500040,13)*(0,500040,14)*(0,500040,15)*(0,500040,16)*(0,500040,17)	(0,0,0)*(1,10,0)	(2,210001,0)*(2,210002,0)	200142	100000	-1	Y000080	0	0																
1060101	M0006_01_0201	(0,200016,0)*(0,200020,0)	(0,100053,0)*(0,100051,0)*(0,100051,0)*(0,100052,0)*(0,100052,0)*(0,100052,0)	(0,0,0)	(0,0,0)	200076	200074	-1	0	0	0																
1060102	M0006_01_02	(0,0,0)*(0,0,0)*(0,0,0)*(0,0,0)*(0,0,0)	(0,100044,0)*(0,100047,0)*(0,100046,0)	(1,10,0)	(0,0,0)	0	0	-1	0	0	0	999999	100	999999	50												
1150101	M0015_01_0202	(0,210001,0)*(0,0,0)*(0,0,0)*(0,0,0)	(0,210180,0)*(0,210180,0)*(0,210165,0)	(0,0,0)	(0,0,0)	200233	100000	-1	0	0	0
1150102	M0015_01_0203	(0,210001,0)*(0,210003,0)*(0,0,0)*(0,0,0)*(0,0,0)*(0,0,0)	(0,200025,37)*(0,210164,28)*(0,210164,48)*(0,210165,14)*(0,210165,54)*(0,210180,1)*(0,210180,2)*(0,210180,3)*(0,210180,61)*(0,210180,62)*(0,210180,63)*(0,210166,20)*(0,210166,30)*(0,210166,40)	(0,0,0)	(0,0,0)	200234	100000	-1	0	0	0												
1220101	M0022_01_0201	(0,210001,0)*(0,210002,0)*(0,200000,0)*(0,0,0)*(0,0,0)*(0,0,0)	(0,100109,9)*(0,100110,10)*(0,210166,2)*(0,210166,3)*(0,210166,4)*(0,200028,14)*(0,200028,18)*(0,200028,20)*(0,200028,25)*(0,200028,26)*(0,200028,32)*(0,200028,48)*(0,200028,49)	(0,0,0)	(0,0,0)	200085	100000	-1	0	0	0																
1220102	M0022_01_0202	(0,210001,0)*(0,210002,0)*(0,200000,0)*(0,0,0)*(0,0,0)*(0,0,0)	(0,200023,0)*(0,890014,0)*(3,890014,0)*(6,890014,0)*(9,890014,0)	(0,0,0)	(0,0,0)	200086	100000	-1	Y000080	0	0	120048	100														
1230101	M0023_01_05	(0,210002,53)*(0,210001,54)*(0,200000,55)*(0,0,0)*(0,0,0)*(0,0,0)	(0,500037,21)*(0,500040,0)*(0,500040,0)*(0,500040,0)	(0,0,0)	(0,0,0)	200052	100000	-1	0	0	0																
1240101	M0024_01_0201	(0,210001,13)*(0,0,0)*(0,0,0)*(0,0,0)	(0,990024,0)	(0,0,0)	(0,0,0)	200149	200150	-1	0	0	0																
1330101	M0033_01_0201	(0,210002,8)*(0,210001,16)*(0,200000,20)*(0,0,0)*(0,0,0)*(0,0,0)	(0,100010,13)*(0,100130,11)*(0,300001,17)*(0,100130,23)	(0,0,0)	(0,0,0)*(1,10,0)	200079	200078	-1	Y000080	0	0																
1330102	M0033_01_0202	(0,210002,8)*(0,210001,16)*(0,200000,23)*(0,0,0)*(0,0,0)*(0,0,0)	(0,100004,21)	(0,0,0)*(1,10,0)	(2,210001,0)*(2,210002,0)*(2,200000,0)	200080	100000	-1	Y000080	0	0																
1440101	M0044_01_0201	(0,100050,1)*(0,100050,2)*(0,100050,3)*(0,100050,4)*(0,100050,5)*(0,100050,6)*(0,100050,7)*(0,200038,13)*(0,500036,14)*(0,500037,15)*(0,210001,36)*(0,210002,35)*(0,200000,37)*(0,0,0)*(0,0,0)*(0,0,0)	(0,100109,61)*(0,100110,62)*(0,200028,0)*(0,210163,0)*(0,200028,0)*(0,210164,0)*(0,200028,0)*(0,210163,0)*(0,200028,0)*(0,200028,0)*(0,210165,0)*(0,200028,0)*(0,200028,0)*(0,210163,0)	(0,0,0)	(0,0,0)	200051	100000	-1	0	0	0	120102	100														
1440102	M0044_01_0201	(0,0,0)*(0,0,0)*(0,0,0)	(0,100051,0)*(0,100051,0)*(0,100051,0)*(0,100051,0)*(0,100051,0)*(0,100051,0)*(0,100051,0)*(0,100051,0)*(0,100051,0)	(0,0,0)	(0,0,0)	0	0	-1	0	0	0																
1440103	M0044_01_0201	(0,0,0)*(0,0,0)*(0,0,0)	(0,100052,0)*(0,100052,0)*(0,100052,0)*(0,100052,0)*(0,100052,0)*(0,100052,0)*(0,100052,0)*(0,100052,0)*(0,100052,0)	(0,0,0)	(0,0,0)	0	0	-1	0	0	0																
1440104	M0044_01_0201	(0,0,0)*(0,0,0)*(0,0,0)	(0,100053,0)*(0,100053,0)*(0,100053,0)*(0,100053,0)*(0,100053,0)*(0,100053,0)*(0,100053,0)*(0,100053,0)*(0,100053,0)	(0,0,0)	(0,0,0)	0	0	-1	0	0	0																
1450101	M0045_01_0201	(0,210001,0)*(0,210002,0)*(0,210007,0)*(0,200000,0)	(0,500058,0)	(0,0,0)	(0,0,0)*(1,1,0)	0	100000	-1	0	0	0																
1450102	M0045_01_0202	(0,210001,0)*(0,210002,0)*(0,210007,0)*(0,200000,0)	(0,500058,0)*(0,500058,0)	(0,0,0)	(0,0,0)*(1,2,0)	200067	100000	-1	0	0	0																
1450103	M0045_01_0203	(0,210001,0)*(0,210002,0)*(0,210007,0)*(0,200000,0)	(0,500059,0)	(0,0,0)	(0,0,0)*(1,2,0)	200066	100000	-1	0	1	0																
1480101	M0048_01_0201	(0,210001,4)*(0,210002,12)*(0,200000,1)	(0,500113,6)*(0,210109,2)*(0,210109,10)*(0,210109,13)	(0,0,0)	(0,0,0)	200225	200226	-1	0	0	0																
1480102	M0048_01_0202	(0,210001,13)*(0,210002,10)*(0,200000,12)	(0,500114,20)*(0,210116,2)*(0,210116,22)	(0,0,0)	(0,0,0)	200228	200229	-1	0	0	0																
2010101	M0001_04_0101	(0,10001501,0)*(0,10006202,0)*(0,10007201,1)*(0,10008501,1)	(0,10001501,0)*(0,10006202,0)*(0,10007201,1)*(0,10008501,1)	(0,0,0)	(0,0,0)	10003	10003	-1	0	0	0																
2010201	M0001_05_0210	(0,210001,0)*(0,210002,0)*(0,200001,0)	(0,100128,0)*(0,100129,0)	(0,0,0)	(2,200001,0)	10002	90003	-1	0	1	0	100908	100	121037	100	110013	100										
2010301	M0001_05_0209	(0,200016,0)	(0,100112,0)*(0,100113,0)	(0,0,0)	(0,0,0)	10001	10001	-1	0	0	0																
2010401	M0001_04_0101	(0,210001,0)*(0,200000,0)	(0,100072,0)*(0,100085,0)	(0,0,0)	(0,0,0)	10003	10003	-1	0	0	0	120002	100														
2080101	M0008_01_0101	(0,100072,0)*(0,100072,0)*(0,100100072,0)*(0,100072,1)	(0,100072,0)*(0,100072,0)*(0,100100072,0)*(0,100072,1)	(0,0,0)	(0,0,0)	10013	10014	-1	0	0	0																
2100001	M0049_01_01	(0,210001,0)*(0,210002,0)*(0,200016,0)*(0,200020,0)	(0,210163,0)*(0,210163,0)*(0,210163,0)*(0,210163,0)	(0,0,0)	(0,0,0)	0	90003	-1	0	0	0																
2100002	M0049_01_02	(0,210001,0)*(0,210002,0)*(0,200016,0)*(0,200020,0)	(0,210163,0)*(0,210163,0)*(0,210163,0)*(0,210163,0)	(0,0,0)	(0,0,0)	0	90003	-1	0	0	0																
2100003	M0049_01_03	(0,210001,0)*(0,210002,0)*(0,200016,0)*(0,200020,0)	(0,610159,0)	(0,0,0)	(2,200020,0)	10035	90003	-1	0	0	0																
2110101	M0011_01_0101	(0,210002,0)	(0,100299,0)	(0,0,0)	(0,0,0)	10008	10008	-1	0	0	0																
2200101	M0020_01_0101	(0,0,0)*(0,0,0)*(0,0,0)*(0,0,0)*(0,100058,0)*(0,100067,0)	(0,200026,0)*(0,600061,0)*(0,600061,0)*(0,600061,0)*(0,600061,0)*(0,600061,0)*(0,600061,0)*(0,600061,0)*(0,600061,0)	(0,0,0)	(0,0,0)	10017	100000	-1	Y000080	0	0	100207	100	110022	100												
2200102	M0020_01_0101	(0,210002,26)	(0,200026,8)	(0,0,0)	(0,0,0)	10018	100000	-1	Y000080	0	0	100207	100	110022	100	120006	100										
2210101	M0021_01_0101	(0,210001,13)*(0,210002,12)*(0,200000,14)	(0,600043,1)*(0,600043,2)*(0,600043,4)*(0,600043,5)*(0,600043,0)*(0,600043,0)*(0,600043,0)*(0,600043,0)	(0,0,0)	(0,0,0)	10004	100000	-1	0	0	0																
2210102	M0021_01_0102	(0,210001,0)*(0,210002,0)*(0,200000,0)	(0,200007,0)*(0,200005,0)	(0,0,0)	(0,0,0)	10015	100000	-1	Y000080	1	0																
2220101	M0022_01_0203	(0,210001,0)*(0,0,0)*(0,0,0)*(0,0,0)*(0,0,0)*(0,0,0)	(0,100010,10)*(0,300001,9)*(0,300001,11)*(0,100130,15)*(0,100130,20)*(0,100130,35)*(0,100130,41)*(0,100130,58)*(0,100130,61)	(0,0,0)	(0,0,0)	10020	100000	-1	Y000080	0	0																
2280201	M0028_02_0101	(0,100072,0)*(0,100072,0)*(0,100100072,0)*(0,100072,1)	(0,100072,0)*(0,100072,0)*(0,100100072,0)*(0,100072,1)	(0,0,0)	(0,0,0)	10022	10023	-1	0	0	0																
3130101	M0013_04_0101	(0,100072,0)*(0,100072,0)*(0,100100072,0)*(0,100072,1)	(0,100072,0)*(0,100072,0)*(0,100100072,0)*(0,100072,1)	(0,0,0)	(0,0,0)	10024	10025	-1	0	0	0																
6000001	M0000_02_01	(0,0,0)*(0,0,0)*(0,0,0)*(0,0,0)*(0,0,0)*(0,0,0)	(0,610170,0)*(0,610170,0)*(0,610170,0)*(0,610171,0)*(0,610171,0)*(0,610171,0)	(0,0,0)	(0,0,0)	600140	0	-1	0	0	0																
6000002	M0050_01_01	(0,0,0)*(0,0,0)*(0,0,0)*(0,0,0)*(0,0,0)*(0,500112,0)*(0,610177,0)	(0,210163,0)*(0,210164,0)*(0,210165,0)*(0,210166,0)*(0,210180,0)*(0,890014,0)*(0,210180,0)*(0,210180,0)*(0,210180,0)	(0,0,0)	(0,0,0)	600157	0	-1	0	0	0
6010501	M0001_05_0301	(0,0,0)*(0,0,0)*(0,0,0)	(0,600079,0)	(0,0,0)	(0,0,0)	600089	600089	-1	0	0	0	120111	100														
6010502	M0001_05_0302	(0,0,0)*(0,0,0)*(0,0,0)*(0,200044,0)	(0,600085,0)*(0,600085,0)*(0,600085,0)*(0,600085,0)	(0,0,0)	(0,0,0)	600097	100000	-1	0	1	0	130001	15	110010	15												
6100101	M0010_01_0301	(0,210008,0)	(0,100093,0)	(0,0,0)	(0,0,0)	600135	600136	-1	0	0	0																
6130401	M0013_04_0301	(0,0,0)	(0,600011,0)	(0,0,0)	(0,0,0)	600021	600022	-1	0	0	0																
6130402	M0013_04_0302	(0,210007,0)*(0,210002,0)	(0,600019,0)	(0,0,0)	(0,0,0)	600030	600029	-1	0	0	0																
6190101	M0019_01_0301	(0,0,0)	(0,600027,0)	(0,0,0)	(0,0,0)	600035	600035	-1	0	0	0																
6190102	M0019_01_0302	(0,0,0)*(0,0,0)*(0,0,0)*(0,0,0)*(0,0,0)*(0,210055,0)	(0,600088,0)*(0,600089,0)*(0,600088,0)*(0,600089,0)*(0,600088,0)*(0,600089,0)*(0,600088,0)*(0,600089,0)	(0,0,0)	(0,0,0)	600109	90004	-1	Y000080	0	0																
6330101	M0033_01_0302	(0,100054,0)	(0,610168,0)	(0,0,0)	(0,0,0)	600156	0	-1	0	0	0
6330102	M0033_01_0302	(0,0,0)*(0,0,0)*(0,0,0)*(0,0,0)*(0,200027,0)	(0,610166,0)*(0,610167,0)*(0,610168,0)*(0,610169,0)*(0,100130,0)*(0,100130,0)*(0,100130,0)*(0,100130,0)*(0,100130,0)	(0,0,0)	(0,0,0)	600170	90004	-1	0	0	0
6340101	M0034_01_01	(0,100054,0)	(0,100133,0)*(0,100133,0)*(0,100133,0)	(0,0,0)	(0,0,0)	600154	600159	-1	0	0	0
6340102	M0034_01_01	(0,0,0)*(0,0,0)*(0,0,0)*(0,0,0)*(0,0,0)*(0,100419,0)	(0,100054,0)*(0,100133,0)*(0,100133,0)*(0,100133,0)*(0,100133,0)*(0,100133,0)*(0,100133,0)	(0,0,0)	(0,0,0)	100208	0	-1	0	0	0	130131	100													
6380101	M0038_01_0301	(0,0,0)*(0,0,0)*(0,0,0)*(0,210007,0)	(0,100127,0)	(0,0,0)	(0,0,0)	600055	100000	-1	0	0	0																
6380102	M0038_01_0302	(0,0,0)*(0,0,0)*(0,0,0)	(0,210104,0)	(0,0,0)	(0,0,0)	600060	100000	-1	0	0	0																
6380103	M0038_01_0303	(0,200020,0)	(0,210104,0)	(0,0,0)	(0,0,0)	600061	600061	-1	0	0	0																
6380104	M0038_01_0304	(0,0,0)*(0,0,0)*(0,0,0)*(0,0,0)*(0,0,0)*(0,0,0)*(0,600088,0)*(0,600089,0)*(0,600088,0)*(0,600089,0)	(0,200003,0)*(0,200046,0)*(0,100048,0)	(0,0,0)	(0,0,0)	600110	100000	-1	Y000080	0	0	100940	100														
6420101	M0042_02_0301	(0,0,160)*(0,0,156)*(0,0,177)*(0,0,100)*(0,0,97)*(0,0,63)*(0,100066,39)*(0,210005,58)*(0,200027,180)	(0,610176,206)*(0,100144,216)*(0,100144,219)*(0,100145,131)*(0,100144,124)*(0,100145,112)*(0,600047,115)*(0,600047,41)*(0,600047,35)*(0,600047,50)	(0,0,0)	(0,0,0)	600155	90004	-1	0	0	0	130134	100
9999900	M0099_01	(0,0,0)*(0,0,0)*(0,0,0)	(0,210163,0)*(0,200028,0)*(0,210163,0)*(0,200028,0)	(0,0,0)	(0,0,0)	999900	0	-1	0	0	0	110019	15	110020	15	110017	15	110018	15								
9999901	M0099_01	(0,0,0)*(0,0,0)*(0,0,0)*(0,0,0)	(0,200005,0)*(0,200006,0)*(0,200007,0)*(0,200008,0)	(0,0,0)	(0,0,0)	999901	0	-1	Y000080	0	0	110019	25	110020	25	110017	25	110018	25								
9999902	M0099_01	(0,0,0)*(0,0,0)	(0,200011,0)*(0,200004,0)	(0,0,0)	(0,0,0)	999902	0	-1	Y000080	0	0	110019	35	110020	35	110017	35	110018	35								
9999903	M0099_01	(0,0,0)*(0,0,0)	(0,100107,0)*(0,100108,0)	(0,0,0)	(0,0,0)	999903	0	-1	0	0	0	110019	35	110020	35	110017	35	110018	35								
9999904	M0099_01	(0,0,0)*(0,0,0)	(0,100109,0)*(0,100110,0)	(0,0,0)	(0,0,0)	999904	0	-1	0	0	0	110019	35	110020	35	110017	35	110018	35								
9999905	M0099_01	(0,0,0)*(0,0,0)*(0,0,0)*(0,0,0)	(0,100126,0)*(0,100127,0)*(0,100128,0)*(0,100129,0)	(0,0,0)	(0,0,0)	999905	0	-1	0	0	0	110019	35	110020	35	110017	35	110018	35								
9999906	M0099_01	(0,0,0)*(0,0,0)*(0,0,0)	(0,100104,0)*(0,100105,0)*(0,100106,0)	(0,0,0)	(0,0,0)	999906	0	-1	0	0	0	110019	35	110020	35	110017	35	110018	35								
9999907	M0099_01	(0,0,0)*(0,0,0)	(0,100099,0)	(0,0,0)	(0,0,0)	999907	0	-1	0	0	0	110021	100	110022	100	110013	100	110006	100								
9999908	M0099_01	(0,0,0)*(0,0,0)	(0,100034,0)	(0,0,0)	(0,0,0)	999908	0	-1	0	0	0	110021	100	110022	100	110013	100	110006	100								
9999909	M0099_01	(0,0,0)	(0,100010,0)	(0,0,0)	(0,0,0)	999909	0	-1	0	0	0	110021	35	110022	35	110013	35	110006	35								
9999910	M0099_01	(0,0,0)	(0,100312,0)	(0,0,0)	(0,0,0)	999910	0	-1	0	0	0	110021	35	110022	35	110013	35	110006	35								
9999911	M0099_01	(0,0,0)	(0,200045,0)	(0,0,0)	(0,0,0)	999911	0	-1	0	0	0	110021	35	110022	35	110013	35	110006	35								
9999912	M0099_01	(0,0,0)	(0,200046,0)	(0,0,0)	(0,0,0)	999912	0	-1	0	0	0	110021	35	110022	35	110013	35	110006	35								
